0	0.25	2.22045e-16
1	0.250694	2.2143e-16
2	0.25139	2.20817e-16
3	0.252088	2.20205e-16
4	0.252788	2.19596e-16
5	0.25349	2.18988e-16
6	0.254194	2.18381e-16
7	0.254899	2.17777e-16
8	0.255607	2.17174e-16
9	0.256317	2.16572e-16
10	0.257028	2.15973e-16
11	0.257742	2.15375e-16
12	0.258458	2.14778e-16
13	0.259175	2.14184e-16
14	0.259895	2.13591e-16
15	0.260616	2.12999e-16
16	0.26134	2.1241e-16
17	0.262066	2.11822e-16
18	0.262793	2.11235e-16
19	0.263523	2.1065e-16
20	0.264255	2.10067e-16
21	0.264988	2.09485e-16
22	0.265724	2.08905e-16
23	0.266462	2.08327e-16
24	0.267201	2.0775e-16
25	0.267943	2.07175e-16
26	0.268687	2.06601e-16
27	0.269433	2.06029e-16
28	0.270181	2.05459e-16
29	0.270931	2.0489e-16
30	0.271684	2.04323e-16
31	0.272438	2.03757e-16
32	0.273194	2.03193e-16
33	0.273953	2.0263e-16
34	0.274714	2.02069e-16
35	0.275476	2.0151e-16
36	0.276241	2.00952e-16
37	0.277008	2.00395e-16
38	0.277777	1.99841e-16
39	0.278548	1.99287e-16
40	0.279322	1.98735e-16
41	0.280097	1.98185e-16
42	0.280875	1.97637e-16
43	0.281655	1.97089e-16
44	0.282437	1.96544e-16
45	0.283221	1.95999e-16
46	0.284007	1.95457e-16
47	0.284796	1.94916e-16
48	0.285587	1.94376e-16
49	0.286379	1.93838e-16
50	0.287175	1.93301e-16
51	0.287972	1.92766e-16
52	0.288771	1.92232e-16
53	0.289573	1.917e-16
54	0.290377	1.91169e-16
55	0.291183	1.9064e-16
56	0.291992	1.90112e-16
57	0.292803	1.89586e-16
58	0.293615	1.89061e-16
59	0.294431	1.88537e-16
60	0.295248	1.88015e-16
61	0.296068	1.87495e-16
62	0.29689	1.86976e-16
63	0.297714	1.86458e-16
64	0.298541	1.85942e-16
65	0.29937	1.85427e-16
66	0.300201	1.84913e-16
67	0.301034	1.84401e-16
68	0.30187	1.83891e-16
69	0.302708	1.83382e-16
70	0.303549	1.82874e-16
71	0.304392	1.82368e-16
72	0.305237	1.81863e-16
73	0.306084	1.81359e-16
74	0.306934	1.80857e-16
75	0.307786	1.80356e-16
76	0.308641	1.79857e-16
77	0.309498	1.79359e-16
78	0.310357	1.78862e-16
79	0.311219	1.78367e-16
80	0.312083	1.77873e-16
81	0.312949	1.77381e-16
82	0.313818	1.7689e-16
83	0.314689	1.764e-16
84	0.315563	1.75911e-16
85	0.316439	1.75424e-16
86	0.317318	1.74939e-16
87	0.318199	1.74454e-16
88	0.319082	1.73971e-16
89	0.319968	1.7349e-16
90	0.320856	1.73009e-16
91	0.321747	1.7253e-16
92	0.322641	1.72053e-16
93	0.323536	1.71576e-16
94	0.324435	1.71101e-16
95	0.325335	1.70627e-16
96	0.326239	1.70155e-16
97	0.327145	1.69684e-16
98	0.328053	1.69214e-16
99	0.328964	1.68746e-16
100	0.329877	1.68278e-16
101	0.330793	1.67812e-16
102	0.331711	1.67348e-16
103	0.332632	1.66884e-16
104	0.333556	1.66422e-16
105	0.334482	1.65962e-16
106	0.335411	1.65502e-16
107	0.336342	1.65044e-16
108	0.337276	1.64587e-16
109	0.338212	1.64131e-16
110	0.339151	1.63677e-16
111	0.340093	1.63224e-16
112	0.341037	1.62772e-16
113	0.341984	1.62321e-16
114	0.342933	1.61872e-16
115	0.343885	1.61423e-16
116	0.34484	1.60976e-16
117	0.345798	1.60531e-16
118	0.346758	1.60086e-16
119	0.34772	1.59643e-16
120	0.348686	1.59201e-16
121	0.349654	1.5876e-16
122	0.350625	1.58321e-16
123	0.351598	1.57882e-16
124	0.352574	1.57445e-16
125	0.353553	1.57009e-16
126	0.354535	1.56575e-16
127	0.355519	1.56141e-16
128	0.356506	1.55709e-16
129	0.357496	1.55278e-16
130	0.358489	1.54848e-16
131	0.359484	1.54419e-16
132	0.360482	1.53991e-16
133	0.361483	1.53565e-16
134	0.362487	1.5314e-16
135	0.363493	1.52716e-16
136	0.364502	1.52293e-16
137	0.365514	1.51871e-16
138	0.366529	1.51451e-16
139	0.367547	1.51032e-16
140	0.368567	1.50613e-16
141	0.369591	1.50196e-16
142	0.370617	1.4978e-16
143	0.371646	1.49366e-16
144	0.372678	1.48952e-16
145	0.373712	1.4854e-16
146	0.37475	1.48129e-16
147	0.37579	1.47718e-16
148	0.376834	1.47309e-16
149	0.37788	1.46902e-16
150	0.378929	1.46495e-16
151	0.379981	1.46089e-16
152	0.381036	1.45685e-16
153	0.382094	1.45281e-16
154	0.383155	1.44879e-16
155	0.384219	1.44478e-16
156	0.385286	1.44078e-16
157	0.386355	1.43679e-16
158	0.387428	1.43281e-16
159	0.388504	1.42885e-16
160	0.389582	1.42489e-16
161	0.390664	1.42094e-16
162	0.391749	1.41701e-16
163	0.392836	1.41309e-16
164	0.393927	1.40917e-16
165	0.395021	1.40527e-16
166	0.396117	1.40138e-16
167	0.397217	1.3975e-16
168	0.39832	1.39363e-16
169	0.399426	1.38977e-16
170	0.400535	1.38593e-16
171	0.401647	1.38209e-16
172	0.402762	1.37826e-16
173	0.40388	1.37445e-16
174	0.405002	1.37064e-16
175	0.406126	1.36684e-16
176	0.407254	1.36306e-16
177	0.408384	1.35929e-16
178	0.409518	1.35552e-16
179	0.410655	1.35177e-16
180	0.411796	1.34803e-16
181	0.412939	1.34429e-16
182	0.414085	1.34057e-16
183	0.415235	1.33686e-16
184	0.416388	1.33316e-16
185	0.417544	1.32947e-16
186	0.418703	1.32579e-16
187	0.419866	1.32212e-16
188	0.421031	1.31846e-16
189	0.4222	1.31481e-16
190	0.423373	1.31117e-16
191	0.424548	1.30753e-16
192	0.425727	1.30391e-16
193	0.426909	1.3003e-16
194	0.428094	1.2967e-16
195	0.429283	1.29311e-16
196	0.430475	1.28953e-16
197	0.43167	1.28596e-16
198	0.432868	1.2824e-16
199	0.43407	1.27885e-16
200	0.435275	1.27531e-16
201	0.436484	1.27178e-16
202	0.437696	1.26826e-16
203	0.438911	1.26475e-16
204	0.44013	1.26125e-16
205	0.441351	1.25775e-16
206	0.442577	1.25427e-16
207	0.443806	1.2508e-16
208	0.445038	1.24734e-16
209	0.446273	1.24388e-16
210	0.447513	1.24044e-16
211	0.448755	1.237e-16
212	0.450001	1.23358e-16
213	0.45125	1.23016e-16
214	0.452503	1.22676e-16
215	0.45376	1.22336e-16
216	0.455019	1.21997e-16
217	0.456283	1.2166e-16
218	0.45755	1.21323e-16
219	0.45882	1.20987e-16
220	0.460094	1.20652e-16
221	0.461371	1.20318e-16
222	0.462652	1.19985e-16
223	0.463937	1.19652e-16
224	0.465225	1.19321e-16
225	0.466516	1.18991e-16
226	0.467812	1.18661e-16
227	0.469111	1.18333e-16
228	0.470413	1.18005e-16
229	0.471719	1.17678e-16
230	0.473029	1.17353e-16
231	0.474342	1.17028e-16
232	0.475659	1.16704e-16
233	0.47698	1.16381e-16
234	0.478304	1.16058e-16
235	0.479632	1.15737e-16
236	0.480964	1.15417e-16
237	0.482299	1.15097e-16
238	0.483638	1.14778e-16
239	0.484981	1.1446e-16
240	0.486327	1.14144e-16
241	0.487678	1.13828e-16
242	0.489032	1.13512e-16
243	0.49039	1.13198e-16
244	0.491751	1.12885e-16
245	0.493116	1.12572e-16
246	0.494485	1.1226e-16
247	0.495858	1.1195e-16
248	0.497235	1.1164e-16
249	0.498616	1.11331e-16
250	0.5	2.22045e-16
251	0.501388	2.2143e-16
252	0.50278	2.20817e-16
253	0.504176	2.20205e-16
254	0.505576	2.19596e-16
255	0.50698	2.18988e-16
256	0.508387	2.18381e-16
257	0.509799	2.17777e-16
258	0.511214	2.17174e-16
259	0.512634	2.16572e-16
260	0.514057	2.15973e-16
261	0.515484	2.15375e-16
262	0.516915	2.14778e-16
263	0.518351	2.14184e-16
264	0.51979	2.13591e-16
265	0.521233	2.12999e-16
266	0.52268	2.1241e-16
267	0.524131	2.11822e-16
268	0.525586	2.11235e-16
269	0.527046	2.1065e-16
270	0.528509	2.10067e-16
271	0.529976	2.09485e-16
272	0.531448	2.08905e-16
273	0.532923	2.08327e-16
274	0.534403	2.0775e-16
275	0.535887	2.07175e-16
276	0.537375	2.06601e-16
277	0.538867	2.06029e-16
278	0.540363	2.05459e-16
279	0.541863	2.0489e-16
280	0.543367	2.04323e-16
281	0.544876	2.03757e-16
282	0.546389	2.03193e-16
283	0.547906	2.0263e-16
284	0.549427	2.02069e-16
285	0.550953	2.0151e-16
286	0.552482	2.00952e-16
287	0.554016	2.00395e-16
288	0.555554	1.99841e-16
289	0.557097	1.99287e-16
290	0.558644	1.98735e-16
291	0.560195	1.98185e-16
292	0.56175	1.97637e-16
293	0.56331	1.97089e-16
294	0.564874	1.96544e-16
295	0.566442	1.95999e-16
296	0.568015	1.95457e-16
297	0.569592	1.94916e-16
298	0.571173	1.94376e-16
299	0.572759	1.93838e-16
300	0.574349	1.93301e-16
301	0.575944	1.92766e-16
302	0.577543	1.92232e-16
303	0.579146	1.917e-16
304	0.580754	1.91169e-16
305	0.582367	1.9064e-16
306	0.583984	1.90112e-16
307	0.585605	1.89586e-16
308	0.587231	1.89061e-16
309	0.588861	1.88537e-16
310	0.590496	1.88015e-16
311	0.592136	1.87495e-16
312	0.59378	1.86976e-16
313	0.595428	1.86458e-16
314	0.597082	1.85942e-16
315	0.598739	1.85427e-16
316	0.600402	1.84913e-16
317	0.602069	1.84401e-16
318	0.60374	1.83891e-16
319	0.605417	1.83382e-16
320	0.607097	1.82874e-16
321	0.608783	1.82368e-16
322	0.610473	1.81863e-16
323	0.612168	1.81359e-16
324	0.613868	1.80857e-16
325	0.615572	1.80356e-16
326	0.617281	1.79857e-16
327	0.618995	1.79359e-16
328	0.620714	1.78862e-16
329	0.622437	1.78367e-16
330	0.624165	1.77873e-16
331	0.625898	1.77381e-16
332	0.627636	1.7689e-16
333	0.629379	1.764e-16
334	0.631126	1.75911e-16
335	0.632878	1.75424e-16
336	0.634635	1.74939e-16
337	0.636397	1.74454e-16
338	0.638164	1.73971e-16
339	0.639936	1.7349e-16
340	0.641713	1.73009e-16
341	0.643495	1.7253e-16
342	0.645281	1.72053e-16
343	0.647073	1.71576e-16
344	0.648869	1.71101e-16
345	0.650671	1.70627e-16
346	0.652477	1.70155e-16
347	0.654289	1.69684e-16
348	0.656106	1.69214e-16
349	0.657927	1.68746e-16
350	0.659754	1.68278e-16
351	0.661586	1.67812e-16
352	0.663423	1.67348e-16
353	0.665265	1.66884e-16
354	0.667112	1.66422e-16
355	0.668964	1.65962e-16
356	0.670821	1.65502e-16
357	0.672684	1.65044e-16
358	0.674551	1.64587e-16
359	0.676424	1.64131e-16
360	0.678302	1.63677e-16
361	0.680185	1.63224e-16
362	0.682074	1.62772e-16
363	0.683968	1.62321e-16
364	0.685867	1.61872e-16
365	0.687771	1.61423e-16
366	0.68968	1.60976e-16
367	0.691595	1.60531e-16
368	0.693515	1.60086e-16
369	0.695441	1.59643e-16
370	0.697372	1.59201e-16
371	0.699308	1.5876e-16
372	0.70125	1.58321e-16
373	0.703197	1.57882e-16
374	0.705149	1.57445e-16
375	0.707107	1.57009e-16
376	0.70907	1.56575e-16
377	0.711039	1.56141e-16
378	0.713013	1.55709e-16
379	0.714992	1.55278e-16
380	0.716978	1.54848e-16
381	0.718968	1.54419e-16
382	0.720964	1.53991e-16
383	0.722966	1.53565e-16
384	0.724973	1.5314e-16
385	0.726986	1.52716e-16
386	0.729005	1.52293e-16
387	0.731029	1.51871e-16
388	0.733058	1.51451e-16
389	0.735094	1.51032e-16
390	0.737135	1.50613e-16
391	0.739181	1.50196e-16
392	0.741234	1.4978e-16
393	0.743291	1.49366e-16
394	0.745355	1.48952e-16
395	0.747425	1.4854e-16
396	0.7495	1.48129e-16
397	0.751581	1.47718e-16
398	0.753667	1.47309e-16
399	0.75576	1.46902e-16
400	0.757858	1.46495e-16
401	0.759962	1.46089e-16
402	0.762072	1.45685e-16
403	0.764188	1.45281e-16
404	0.76631	1.44879e-16
405	0.768438	1.44478e-16
406	0.770571	1.44078e-16
407	0.772711	1.43679e-16
408	0.774856	1.43281e-16
409	0.777007	1.42885e-16
410	0.779165	1.42489e-16
411	0.781328	1.42094e-16
412	0.783497	1.41701e-16
413	0.785673	1.41309e-16
414	0.787854	1.40917e-16
415	0.790041	1.40527e-16
416	0.792235	1.40138e-16
417	0.794434	1.3975e-16
418	0.79664	1.39363e-16
419	0.798852	1.38977e-16
420	0.80107	1.38593e-16
421	0.803294	1.38209e-16
422	0.805524	1.37826e-16
423	0.807761	1.37445e-16
424	0.810003	1.37064e-16
425	0.812252	1.36684e-16
426	0.814508	1.36306e-16
427	0.816769	1.35929e-16
428	0.819037	1.35552e-16
429	0.821311	1.35177e-16
430	0.823591	1.34803e-16
431	0.825878	1.34429e-16
432	0.828171	1.34057e-16
433	0.83047	1.33686e-16
434	0.832776	1.33316e-16
435	0.835088	1.32947e-16
436	0.837406	1.32579e-16
437	0.839731	1.32212e-16
438	0.842063	1.31846e-16
439	0.844401	1.31481e-16
440	0.846745	1.31117e-16
441	0.849096	1.30753e-16
442	0.851454	1.30391e-16
443	0.853818	1.3003e-16
444	0.856188	1.2967e-16
445	0.858565	1.29311e-16
446	0.860949	1.28953e-16
447	0.86334	1.28596e-16
448	0.865737	1.2824e-16
449	0.86814	1.27885e-16
450	0.870551	1.27531e-16
451	0.872968	1.27178e-16
452	0.875391	1.26826e-16
453	0.877822	1.26475e-16
454	0.880259	1.26125e-16
455	0.882703	1.25775e-16
456	0.885154	1.25427e-16
457	0.887611	1.2508e-16
458	0.890076	1.24734e-16
459	0.892547	1.24388e-16
460	0.895025	1.24044e-16
461	0.89751	1.237e-16
462	0.900002	1.23358e-16
463	0.902501	1.23016e-16
464	0.905006	1.22676e-16
465	0.907519	1.22336e-16
466	0.910039	1.21997e-16
467	0.912565	1.2166e-16
468	0.915099	1.21323e-16
469	0.91764	1.20987e-16
470	0.920188	1.20652e-16
471	0.922742	1.20318e-16
472	0.925304	1.19985e-16
473	0.927873	1.19652e-16
474	0.93045	1.19321e-16
475	0.933033	1.18991e-16
476	0.935623	1.18661e-16
477	0.938221	1.18333e-16
478	0.940826	1.18005e-16
479	0.943438	1.17678e-16
480	0.946058	1.17353e-16
481	0.948684	1.17028e-16
482	0.951318	1.16704e-16
483	0.95396	1.16381e-16
484	0.956608	1.16058e-16
485	0.959264	1.15737e-16
486	0.961927	1.15417e-16
487	0.964598	1.15097e-16
488	0.967276	1.14778e-16
489	0.969962	1.1446e-16
490	0.972655	1.14144e-16
491	0.975355	1.13828e-16
492	0.978063	1.13512e-16
493	0.980779	1.13198e-16
494	0.983502	1.12885e-16
495	0.986233	1.12572e-16
496	0.988971	1.1226e-16
497	0.991717	1.1195e-16
498	0.99447	1.1164e-16
499	0.997231	1.11331e-16
500	1	2.22045e-16
501	1.00278	2.2143e-16
502	1.00556	2.20817e-16
503	1.00835	2.20205e-16
504	1.01115	2.19596e-16
505	1.01396	2.18988e-16
506	1.01677	2.18381e-16
507	1.0196	2.17777e-16
508	1.02243	2.17174e-16
509	1.02527	2.16572e-16
510	1.02811	2.15973e-16
511	1.03097	2.15375e-16
512	1.03383	2.14778e-16
513	1.0367	2.14184e-16
514	1.03958	2.13591e-16
515	1.04247	2.12999e-16
516	1.04536	2.1241e-16
517	1.04826	2.11822e-16
518	1.05117	2.11235e-16
519	1.05409	2.1065e-16
520	1.05702	2.10067e-16
521	1.05995	2.09485e-16
522	1.0629	2.08905e-16
523	1.06585	2.08327e-16
524	1.06881	2.0775e-16
525	1.07177	2.07175e-16
526	1.07475	2.06601e-16
527	1.07773	2.06029e-16
528	1.08073	2.05459e-16
529	1.08373	2.0489e-16
530	1.08673	2.04323e-16
531	1.08975	2.03757e-16
532	1.09278	2.03193e-16
533	1.09581	2.0263e-16
534	1.09885	2.02069e-16
535	1.10191	2.0151e-16
536	1.10496	2.00952e-16
537	1.10803	2.00395e-16
538	1.11111	1.99841e-16
539	1.11419	1.99287e-16
540	1.11729	1.98735e-16
541	1.12039	1.98185e-16
542	1.1235	1.97637e-16
543	1.12662	1.97089e-16
544	1.12975	1.96544e-16
545	1.13288	1.95999e-16
546	1.13603	1.95457e-16
547	1.13918	1.94916e-16
548	1.14235	1.94376e-16
549	1.14552	1.93838e-16
550	1.1487	1.93301e-16
551	1.15189	1.92766e-16
552	1.15509	1.92232e-16
553	1.15829	1.917e-16
554	1.16151	1.91169e-16
555	1.16473	1.9064e-16
556	1.16797	1.90112e-16
557	1.17121	1.89586e-16
558	1.17446	1.89061e-16
559	1.17772	1.88537e-16
560	1.18099	1.88015e-16
561	1.18427	1.87495e-16
562	1.18756	1.86976e-16
563	1.19086	1.86458e-16
564	1.19416	1.85942e-16
565	1.19748	1.85427e-16
566	1.2008	1.84913e-16
567	1.20414	1.84401e-16
568	1.20748	1.83891e-16
569	1.21083	1.83382e-16
570	1.21419	1.82874e-16
571	1.21757	1.82368e-16
572	1.22095	1.81863e-16
573	1.22434	1.81359e-16
574	1.22774	1.80857e-16
575	1.23114	1.80356e-16
576	1.23456	1.79857e-16
577	1.23799	1.79359e-16
578	1.24143	1.78862e-16
579	1.24487	1.78367e-16
580	1.24833	1.77873e-16
581	1.2518	1.77381e-16
582	1.25527	1.7689e-16
583	1.25876	1.764e-16
584	1.26225	1.75911e-16
585	1.26576	1.75424e-16
586	1.26927	1.74939e-16
587	1.27279	1.74454e-16
588	1.27633	1.73971e-16
589	1.27987	1.7349e-16
590	1.28343	1.73009e-16
591	1.28699	1.7253e-16
592	1.29056	1.72053e-16
593	1.29415	1.71576e-16
594	1.29774	1.71101e-16
595	1.30134	1.70627e-16
596	1.30495	1.70155e-16
597	1.30858	1.69684e-16
598	1.31221	1.69214e-16
599	1.31585	1.68746e-16
600	1.31951	1.68278e-16
601	1.32317	1.67812e-16
602	1.32685	1.67348e-16
603	1.33053	1.66884e-16
604	1.33422	1.66422e-16
605	1.33793	1.65962e-16
606	1.34164	1.65502e-16
607	1.34537	1.65044e-16
608	1.3491	1.64587e-16
609	1.35285	1.64131e-16
610	1.3566	1.63677e-16
611	1.36037	1.63224e-16
612	1.36415	1.62772e-16
613	1.36794	1.62321e-16
614	1.37173	1.61872e-16
615	1.37554	1.61423e-16
616	1.37936	1.60976e-16
617	1.38319	1.60531e-16
618	1.38703	1.60086e-16
619	1.39088	1.59643e-16
620	1.39474	1.59201e-16
621	1.39862	1.5876e-16
622	1.4025	1.58321e-16
623	1.40639	1.57882e-16
624	1.4103	1.57445e-16
625	1.41421	1.57009e-16
626	1.41814	1.56575e-16
627	1.42208	1.56141e-16
628	1.42603	1.55709e-16
629	1.42998	1.55278e-16
630	1.43396	1.54848e-16
631	1.43794	1.54419e-16
632	1.44193	1.53991e-16
633	1.44593	1.53565e-16
634	1.44995	1.5314e-16
635	1.45397	1.52716e-16
636	1.45801	1.52293e-16
637	1.46206	1.51871e-16
638	1.46612	1.51451e-16
639	1.47019	1.51032e-16
640	1.47427	1.50613e-16
641	1.47836	1.50196e-16
642	1.48247	1.4978e-16
643	1.48658	1.49366e-16
644	1.49071	1.48952e-16
645	1.49485	1.4854e-16
646	1.499	1.48129e-16
647	1.50316	1.47718e-16
648	1.50733	1.47309e-16
649	1.51152	1.46902e-16
650	1.51572	1.46495e-16
651	1.51992	1.46089e-16
652	1.52414	1.45685e-16
653	1.52838	1.45281e-16
654	1.53262	1.44879e-16
655	1.53688	1.44478e-16
656	1.54114	1.44078e-16
657	1.54542	1.43679e-16
658	1.54971	1.43281e-16
659	1.55401	1.42885e-16
660	1.55833	1.42489e-16
661	1.56266	1.42094e-16
662	1.56699	1.41701e-16
663	1.57135	1.41309e-16
664	1.57571	1.40917e-16
665	1.58008	1.40527e-16
666	1.58447	1.40138e-16
667	1.58887	1.3975e-16
668	1.59328	1.39363e-16
669	1.5977	1.38977e-16
670	1.60214	1.38593e-16
671	1.60659	1.38209e-16
672	1.61105	1.37826e-16
673	1.61552	1.37445e-16
674	1.62001	1.37064e-16
675	1.6245	1.36684e-16
676	1.62902	1.36306e-16
677	1.63354	1.35929e-16
678	1.63807	1.35552e-16
679	1.64262	1.35177e-16
680	1.64718	1.34803e-16
681	1.65176	1.34429e-16
682	1.65634	1.34057e-16
683	1.66094	1.33686e-16
684	1.66555	1.33316e-16
685	1.67018	1.32947e-16
686	1.67481	1.32579e-16
687	1.67946	1.32212e-16
688	1.68413	1.31846e-16
689	1.6888	1.31481e-16
690	1.69349	1.31117e-16
691	1.69819	1.30753e-16
692	1.70291	1.30391e-16
693	1.70764	1.3003e-16
694	1.71238	1.2967e-16
695	1.71713	1.29311e-16
696	1.7219	1.28953e-16
697	1.72668	1.28596e-16
698	1.73147	1.2824e-16
699	1.73628	1.27885e-16
700	1.7411	1.27531e-16
701	1.74594	1.27178e-16
702	1.75078	1.26826e-16
703	1.75564	1.26475e-16
704	1.76052	1.26125e-16
705	1.76541	1.25775e-16
706	1.77031	1.25427e-16
707	1.77522	1.2508e-16
708	1.78015	1.24734e-16
709	1.78509	1.24388e-16
710	1.79005	1.24044e-16
711	1.79502	1.237e-16
712	1.8	1.23358e-16
713	1.805	1.23016e-16
714	1.81001	1.22676e-16
715	1.81504	1.22336e-16
716	1.82008	1.21997e-16
717	1.82513	1.2166e-16
718	1.8302	1.21323e-16
719	1.83528	1.20987e-16
720	1.84038	1.20652e-16
721	1.84548	1.20318e-16
722	1.85061	1.19985e-16
723	1.85575	1.19652e-16
724	1.8609	1.19321e-16
725	1.86607	1.18991e-16
726	1.87125	1.18661e-16
727	1.87644	1.18333e-16
728	1.88165	1.18005e-16
729	1.88688	1.17678e-16
730	1.89212	1.17353e-16
731	1.89737	1.17028e-16
732	1.90264	1.16704e-16
733	1.90792	1.16381e-16
734	1.91322	1.16058e-16
735	1.91853	1.15737e-16
736	1.92385	1.15417e-16
737	1.9292	1.15097e-16
738	1.93455	1.14778e-16
739	1.93992	1.1446e-16
740	1.94531	1.14144e-16
741	1.95071	1.13828e-16
742	1.95613	1.13512e-16
743	1.96156	1.13198e-16
744	1.967	1.12885e-16
745	1.97247	1.12572e-16
746	1.97794	1.1226e-16
747	1.98343	1.1195e-16
748	1.98894	1.1164e-16
749	1.99446	1.11331e-16
750	2	2.22045e-16
751	2.00555	2.2143e-16
752	2.01112	2.20817e-16
753	2.0167	2.20205e-16
754	2.0223	2.19596e-16
755	2.02792	2.18988e-16
756	2.03355	2.18381e-16
757	2.0392	2.17777e-16
758	2.04486	2.17174e-16
759	2.05053	2.16572e-16
760	2.05623	2.15973e-16
761	2.06194	2.15375e-16
762	2.06766	2.14778e-16
763	2.0734	2.14184e-16
764	2.07916	2.13591e-16
765	2.08493	2.12999e-16
766	2.09072	2.1241e-16
767	2.09652	2.11822e-16
768	2.10235	2.11235e-16
769	2.10818	2.1065e-16
770	2.11404	2.10067e-16
771	2.11991	2.09485e-16
772	2.12579	2.08905e-16
773	2.13169	2.08327e-16
774	2.13761	2.0775e-16
775	2.14355	2.07175e-16
776	2.1495	2.06601e-16
777	2.15547	2.06029e-16
778	2.16145	2.05459e-16
779	2.16745	2.0489e-16
780	2.17347	2.04323e-16
781	2.1795	2.03757e-16
782	2.18556	2.03193e-16
783	2.19162	2.0263e-16
784	2.19771	2.02069e-16
785	2.20381	2.0151e-16
786	2.20993	2.00952e-16
787	2.21606	2.00395e-16
788	2.22222	1.99841e-16
789	2.22839	1.99287e-16
790	2.23457	1.98735e-16
791	2.24078	1.98185e-16
792	2.247	1.97637e-16
793	2.25324	1.97089e-16
794	2.25949	1.96544e-16
795	2.26577	1.95999e-16
796	2.27206	1.95457e-16
797	2.27837	1.94916e-16
798	2.28469	1.94376e-16
799	2.29104	1.93838e-16
800	2.2974	1.93301e-16
801	2.30378	1.92766e-16
802	2.31017	1.92232e-16
803	2.31659	1.917e-16
804	2.32302	1.91169e-16
805	2.32947	1.9064e-16
806	2.33593	1.90112e-16
807	2.34242	1.89586e-16
808	2.34892	1.89061e-16
809	2.35545	1.88537e-16
810	2.36199	1.88015e-16
811	2.36854	1.87495e-16
812	2.37512	1.86976e-16
813	2.38171	1.86458e-16
814	2.38833	1.85942e-16
815	2.39496	1.85427e-16
816	2.40161	1.84913e-16
817	2.40827	1.84401e-16
818	2.41496	1.83891e-16
819	2.42167	1.83382e-16
820	2.42839	1.82874e-16
821	2.43513	1.82368e-16
822	2.44189	1.81863e-16
823	2.44867	1.81359e-16
824	2.45547	1.80857e-16
825	2.46229	1.80356e-16
826	2.46913	1.79857e-16
827	2.47598	1.79359e-16
828	2.48285	1.78862e-16
829	2.48975	1.78367e-16
830	2.49666	1.77873e-16
831	2.50359	1.77381e-16
832	2.51054	1.7689e-16
833	2.51751	1.764e-16
834	2.5245	1.75911e-16
835	2.53151	1.75424e-16
836	2.53854	1.74939e-16
837	2.54559	1.74454e-16
838	2.55266	1.73971e-16
839	2.55974	1.7349e-16
840	2.56685	1.73009e-16
841	2.57398	1.7253e-16
842	2.58112	1.72053e-16
843	2.58829	1.71576e-16
844	2.59548	1.71101e-16
845	2.60268	1.70627e-16
846	2.60991	1.70155e-16
847	2.61716	1.69684e-16
848	2.62442	1.69214e-16
849	2.63171	1.68746e-16
850	2.63902	1.68278e-16
851	2.64634	1.67812e-16
852	2.65369	1.67348e-16
853	2.66106	1.66884e-16
854	2.66845	1.66422e-16
855	2.67586	1.65962e-16
856	2.68328	1.65502e-16
857	2.69073	1.65044e-16
858	2.69821	1.64587e-16
859	2.7057	1.64131e-16
860	2.71321	1.63677e-16
861	2.72074	1.63224e-16
862	2.7283	1.62772e-16
863	2.73587	1.62321e-16
864	2.74347	1.61872e-16
865	2.75108	1.61423e-16
866	2.75872	1.60976e-16
867	2.76638	1.60531e-16
868	2.77406	1.60086e-16
869	2.78176	1.59643e-16
870	2.78949	1.59201e-16
871	2.79723	1.5876e-16
872	2.805	1.58321e-16
873	2.81279	1.57882e-16
874	2.8206	1.57445e-16
875	2.82843	1.57009e-16
876	2.83628	1.56575e-16
877	2.84415	1.56141e-16
878	2.85205	1.55709e-16
879	2.85997	1.55278e-16
880	2.86791	1.54848e-16
881	2.87587	1.54419e-16
882	2.88386	1.53991e-16
883	2.89186	1.53565e-16
884	2.89989	1.5314e-16
885	2.90795	1.52716e-16
886	2.91602	1.52293e-16
887	2.92411	1.51871e-16
888	2.93223	1.51451e-16
889	2.94037	1.51032e-16
890	2.94854	1.50613e-16
891	2.95672	1.50196e-16
892	2.96493	1.4978e-16
893	2.97317	1.49366e-16
894	2.98142	1.48952e-16
895	2.9897	1.4854e-16
896	2.998	1.48129e-16
897	3.00632	1.47718e-16
898	3.01467	1.47309e-16
899	3.02304	1.46902e-16
900	3.03143	1.46495e-16
901	3.03985	1.46089e-16
902	3.04829	1.45685e-16
903	3.05675	1.45281e-16
904	3.06524	1.44879e-16
905	3.07375	1.44478e-16
906	3.08228	1.44078e-16
907	3.09084	1.43679e-16
908	3.09942	1.43281e-16
909	3.10803	1.42885e-16
910	3.11666	1.42489e-16
911	3.12531	1.42094e-16
912	3.13399	1.41701e-16
913	3.14269	1.41309e-16
914	3.15142	1.40917e-16
915	3.16017	1.40527e-16
916	3.16894	1.40138e-16
917	3.17774	1.3975e-16
918	3.18656	1.39363e-16
919	3.19541	1.38977e-16
920	3.20428	1.38593e-16
921	3.21318	1.38209e-16
922	3.2221	1.37826e-16
923	3.23104	1.37445e-16
924	3.24001	1.37064e-16
925	3.24901	1.36684e-16
926	3.25803	1.36306e-16
927	3.26708	1.35929e-16
928	3.27615	1.35552e-16
929	3.28524	1.35177e-16
930	3.29436	1.34803e-16
931	3.30351	1.34429e-16
932	3.31268	1.34057e-16
933	3.32188	1.33686e-16
934	3.3311	1.33316e-16
935	3.34035	1.32947e-16
936	3.34963	1.32579e-16
937	3.35893	1.32212e-16
938	3.36825	1.31846e-16
939	3.3776	1.31481e-16
940	3.38698	1.31117e-16
941	3.39638	1.30753e-16
942	3.40581	1.30391e-16
943	3.41527	1.3003e-16
944	3.42475	1.2967e-16
945	3.43426	1.29311e-16
946	3.4438	1.28953e-16
947	3.45336	1.28596e-16
948	3.46295	1.2824e-16
949	3.47256	1.27885e-16
950	3.4822	1.27531e-16
951	3.49187	1.27178e-16
952	3.50157	1.26826e-16
953	3.51129	1.26475e-16
954	3.52104	1.26125e-16
955	3.53081	1.25775e-16
956	3.54062	1.25427e-16
957	3.55045	1.2508e-16
958	3.5603	1.24734e-16
959	3.57019	1.24388e-16
960	3.5801	1.24044e-16
961	3.59004	1.237e-16
962	3.60001	1.23358e-16
963	3.61	1.23016e-16
964	3.62003	1.22676e-16
965	3.63008	1.22336e-16
966	3.64016	1.21997e-16
967	3.65026	1.2166e-16
968	3.6604	1.21323e-16
969	3.67056	1.20987e-16
970	3.68075	1.20652e-16
971	3.69097	1.20318e-16
972	3.70122	1.19985e-16
973	3.71149	1.19652e-16
974	3.7218	1.19321e-16
975	3.73213	1.18991e-16
976	3.74249	1.18661e-16
977	3.75288	1.18333e-16
978	3.7633	1.18005e-16
979	3.77375	1.17678e-16
980	3.78423	1.17353e-16
981	3.79474	1.17028e-16
982	3.80527	1.16704e-16
983	3.81584	1.16381e-16
984	3.82643	1.16058e-16
985	3.83706	1.15737e-16
986	3.84771	1.15417e-16
987	3.85839	1.15097e-16
988	3.86911	1.14778e-16
989	3.87985	1.1446e-16
990	3.89062	1.14144e-16
991	3.90142	1.13828e-16
992	3.91225	1.13512e-16
993	3.92312	1.13198e-16
994	3.93401	1.12885e-16
995	3.94493	1.12572e-16
996	3.95588	1.1226e-16
997	3.96687	1.1195e-16
998	3.97788	1.1164e-16
999	3.98893	1.11331e-16
